0.308
0.472
0.052
0.372
0.773
0.857
0.791
0.433
0.028
0.026
0.912
0.547
0.018
0.232
0.924
0.923
0.161
0.25
0.946
0.631
0.575
0.043
0.28
0.722
0.674
0.018
0.413
0.932
0.908
0.463
0.831
0.467
0.969
0.785
0.889
0.562
0.999
0.35
0.405
0.113
0.958
0.562
0.12
0.581
0.087
0.836
0.878
0.321
0.081
0.445
0.051
0.245
0.818
0.49
0.565
0.407
0.043
0.012
0.782
0.663
0.784
0.958
0.998
0.544
0.558
0.511
0.104
0.003
0.253
0.385
0.348
0.901
0.2
0.681
0.957
0.413
0.602
0.088
0.555
0.815
0.652
0.665
0.692
0.116
0.381
0.26
0.014
0.109
0.209
0.562
0.417
0.99
0.092
0.37
0.827
0
0.217
0.156
0.451
0.457
0.686
0.668
0.21
0.231
0.075
0.265
0.863
0.347
0.835
0.862
0.946
0.779
0.489
0.36
0.419
0.355
0.775
0.657
0.444
0.877
0.275
0.573
0.172
0.79
0.851
0.859
0.917
0.443
0.498
0.11
0.513
0.923
0.779
0.333
0.8
0.999
0.47
0.312
0.109
0.304
0.081
0.3
0.258
0.287
0.849
0.096
0.081
0.155
0.609
0.953
0.421
0.918
0.985
0.907
0.272
0.721
0.099
0.785
0.318
0.409
0.362
0.118
0.242
0.018
0.196
0.789
0.911
0.491
0.754
0.71
0.801
0.21
0.125
0.515
0.149
0.106
0.627
0.026
0.431
0.018
0.442
0.691
0.427
0.136
0.028
0.94
0.934
0.982
0.436
0.779
0.061
0.131
0.641
0.276
0.117
0.365
0.696
0.948
0.014
0.461
0.63
0.933
0.874
0.308
0.078
0.122
0.258
0.165
0.36
0.494
0.515
0.226
0.931
0.152
0.924
0.364
0.66
0.01
0.812
0.389
0.415
0.442
0.394
0.768
0.574
0.336
0.524
0.668
0.528
0.225
0.796
0.821
0.979
0.34
0.096
0.915
0.541
0.011
0.441
0.087
0.991
0.124
0.215
0.139
0.452
0.584
0.362
0.825
0.384
0.267
0.323
0.999
0.452
0.878
0.245
0.873
0.345
0.402
0.606
0.175
0.731
0.702
0.931
0.641
0.089
0.642
0.603
0.897
0.369
0.5
0.466
0.656
0.641
0.731
0.777
0.659
0.172
0.739
0.868
0.975
0.273
0.217
0.252
0.947
0.914
0.463
0.526
0.229
0.708
0.393
0.412
0.447
0.602
0.801
0.77
0.227
0.887
0.44
0.827
0.893
0.516
0.95
0.621
0.352
0.534
0.181
0.747
0.236
0.283
0.641
0.018
0.663
0.575
0.786
0.214
0.681
0.962
0.772
0.365
0.012
0.124
0.19
0.284
0.587
0.228
0.379
0.649
0.506
0.942
0.918
0.032
0.623
0.115
0.457
0.874
0.584
0.069
0.76
0.267
0.63
0.771
0.745
0.14
0.2
0.177
0.486
0.656
0.194
0.547
0.119
0.338
0.094
0.164
0.721
0.167
0.78
0.186
0.796
0.352
0.871
0.461
0.916
0.619
0.888
0.632
0.085
0.409
0.919
0.286
0.573
0.851
0.911
0.337
0.316
0.009
0.058
0.911
0.415
0.396
0.556
0.878
0.622
0.237
0.044
0.106
0.802
0.837
0.217
0.38
0.915
0.646
0.641
0.829
0.625
0.05
0.495
0.787
0.402
0.627
0.158
0.867
0.915
0.538
0.465
0.784
0.818
0.084
0.637
0.178
0.86
0.009
0.082
0.955
0.298
0.071
0.053
0.566
0.369
0.671
0.938
0.201
0.57
0.214
0.296
0.301
0.591
0.318
0.565
0.091
0.479
0.374
0.955
0.897
0.364
0.504
0.451
0.862
0.219
0.57
0.498
0.858
0.156
0.743
0.697
0.497
0.739
0.526
0.314
0.569
0.709
0.339
0.759
0.066
0.095
0.485
0.012
0.078
0.244
0.856
0.064
0.545
0.125
0.715
0.201
0.875
0.918
0.989
0.11
0.883
0.991
0.124
0.432
0.934
0.296
0.142
0.643
0.088
0.736
0.043
0.641
0.547
0.768
0.418
0.345
0.182
0.331
0.34
0.662
0.927
0.601
0.086
0.202
0.476
0.884
0.467
0.709
0.167
0.931
0.065
0.993
0.952
0.805
0.85
0.856
0.031
0.392
0.814
0.399
0.266
0.587
0.511
0.316
0.875
0.304
0.599
0.245
0.854
0.246
0.741
0.643
0.87
0.097
0.803
0.57
0.036
0.165
0.689
0.82
0.873
0.317
0.66
0.404
0.375
0.661
0.416
0.068
0.14
0.18
0.062
0.735
0.322
0.588
0.547
0.264
0.734
0.73
0.041
0.291
0.976
0.513
0.978
0.938
0.77
0.94
0.697
0.466
0.365
0.988
0.812
0.256
0.568
0.51
0.519
0.742
0.147
0.393
0.386
0.314
0.891
0.59
0.503
0.713
0.478
0.177
0.932
0.624
0.826
0.535
0.2
0.859
0.512
0.496
0.027
0.218
0.983
0.215
0.566
0.464
0.926
0.04
0.678
0.165
0.73
0.57
0.523
0.951
0.77
0.788
0.27
0.341
0.582
0.109
0.906
0.388
0.559
0.174
0.537
0.59
0.467
0.283
0.45
0.551
0.248
0.499
0.938
0.225
0.003
0.323
0.33
0.619
0.441
0.21
0.047
0.693
0.422
0.96
0.935
0.663
0.699
0.28
0.73
0.347
0.038
0.92
0.999
0.233
0.341
0.446
0.353
0.377
0.898
0.677
0.178
0.87
0.47
0.313
0.455
0.921
0.215
0.839
0.291
0.355
0.436
0.409
0.376
0.895
0.827
0.32
0.795
0.647
0.056
0.323
0.824
0.75
0.433
0.455
0.591
0.55
0.335
0.951
0.069
0.723
0.016
0.294
0.845
0.08
0.971
0.522
0.784
0.408
0.587
0.212
0.995
0.623
0.176
0.573
0.049
0.347
0.018
0.932
0.224
0.501
0.535
0.629
0.608
0.18
0.599
0.947
0.265
0.244
0.023
0.369
0.996
0.739
0.531
0.582
0.229
0.58
0.047
0.503
0.527
0.08
0.511
0.298
0.065
0.513
0.893
0.432
0.376
0.537
0.651
0.714
0.421
0.427
0.033
0.703
0.76
0.487
0.418
0.876
0.685
0.052
0.387
0.406
0.91
0.289
0.043
0.932
0.417
0.604
0.425
0.888
0.212
0.239
0.962
0.592
0.206
0.408
0.554
0.432
0.599
0.169
0.269
0.458
0.058
0.151
0.646
0.304
0.426
0.966
0.96
0.289
0.06
0.54
0.684
0.091
0.284
0.453
0.81
0.609
0.216
0.506
0.411
0.565
0.061
0.407
0.269
0.998
0.128
0.292
0.168
0.117
0.117
0.698
0.77
0.437
0.96
0.307
0.046
0.754
0.142
0.361
0.347
0.411
0.373
0.11
0.369
0.41
0.516
0.759
0.902
0.284
0.671
0.774
0.971
0.98
0.228
0.855
0.649
0.061
0.626
0.75
0.944
0.984
0.563
0.495
0.936
0.722
0.19
0.053
0.105
0.322
0.674
0.167
0.889
0.874
0.224
0.992
0.172
0.675
0.633
0.719
0.513
0.27
0.936
0.311
0.114
0.072
0.024
0.767
0.436
0.501
0.801
0.428
0.824
0.857
0.191
0.909
0.672
0.098
0.124
0.687
0.662
0.146
0.648
0.794
0.946
0.181
0.454
0.788
0.019
0.686
0.656
0.757
0.489
0.286
0.565
0.851
0.584
0.335
0.994
0.311
0.086
0.141
0.535
0.575
0.792
0.047
0.724
0.509
0.466
0.989
0.219
0.568
0.599
0.546
0.223
0.169
0.768
0.78
0.75
0.393
0.648
0.033
0.003
0.049
0.263
0.693
0.903
0.554
0.092
0.753
0.537
0.103
0.641
0.982
0.787
0.271
0.266
0.659
0.039
0.311
0.926
0.69
0.242
0.888
0.762
0.937
0.112
0.364
0.258
0.992
0.344
0.071
0.225
0.335
0.017
0.987
0.386
0.026
0.605
0.181
0.624
0.103
0.053
0.743
0.563
0.431
0.061
0.197
0.7
0.82
0.482
0.547
0.084
0.442
0.201
0.67
0.736
0.224
0.329
0.971
0.367
0.009
0.78
0.382
0.958
0.23
0.738
0.644
0.3
0.158
0.871
0.554
0.13
0.953
0.566
0.511
0.365
0.769
0.942
0.095
0.52
0.683
0.02
0.898
0.019
0.82
0.721
0.54
0.608
0.335
0.213
0.494
0.24
0.966
0.379
0.254
0.489
0.615
0.903
0.074
0.027
0.673
0.214
0.562
0.835
0.59
0.565
0.671
0.983
0.916
0.253
0.543
0.652
0.655
0.085
0.794
0.468
0.345
0.736
0.953
0.972
0.989
0.865
0.422
0.069
0.872
0.54
0.215
0.032
0.409
0.871
0.783
0.248
0.026
0.457
0.694
0.631
0.931
0.697
0.703
0.705
0.503
0.202
0.715
0.76
0.169
0.038
0.581
0.287
0.177
0.425
0.429
0.618
0.394
0.015
0.225
0.47
0.142
0.976
0.089
0.701
0.092
0.466
0.489
0.459
0.314
0.2
0.573
0.114
0.18
0.539
0.767
0.171
0.499
0.006
0.389
0.246
0.216
0.934
0.585
0.916
0.883
0.345
0.625
0.611
0.088
0.086
0.288
0.642
0.833
0.174
0.3
0.182
0.402
0.977
0.13
0.348
0.808
0.124
0.35
0.279
0.132
0.129
0.008
0.14
0.511
0.192
0.403
0.013
0.277
0.221
0.584
0.683
0.903
0.298
0.723
0.287
0.556
0.198
0.516
0.906
0.409
0.934
0.104
0.364
0.561
0.779
0.088
0.882
0.885
0.452
0.011
0.9
0.407
0.901
0.784
0.03
0.628
0.832
0.199
0.468
0.624
0.044
0.105
0.803
0.086
0.163
0.044
0.414
0.385
0.632
0.955
0.471
0.973
0.136
0.893
0.87
0.353
0.784
0.965
0.223
0.633
0.488
0.907
0.111
0.95
0.751
0.673
0.303
0.737
0.079
0.28
0.452
0.016
0.242
0.587
0.31
0.456
0.132
0.972
0.263
0.876
0.827
0.407
0.127
0.037
0.437
0.052
0.83
0.819
0.761
0.344
0.113
0.474
0.545
0.222
0.089
0.193
0.197
0.161
0.848
0.671
0.396
0.982
0.381
0.542
0.583
0.688
0.658
0.372
0.942
0.956
0.916
0.128
0.223
0.886
0.322
0.754
0.572
0.635
0.642
0.559
0.941
0.489
0.881
0.011
0.013
0.972
0.977
0.127
0.993
0.49
0.136
0.205
0.487
0.545
0.871
0.777
0.459
0.815
0.888
0.675
0.64
0.81
0.347
0.027
0.117
0.09
0.09
0.684
0.053
0.996
0.139
0.892
0.948
0.88
0.047
0.25
0.599
0.237
0.425
0.537
0.819
0.883
0.297
0.916
0.208
0.201
0.505
0.322
0.263
0.288
0.159
0.773
0.586
0.416
0.341
0.717
0.268
0.465
0.581
0.026
0.473
0.317
0.961
0.698
0.406
0.213
0.946
0.84
0.316
0.697
0.047
0.926
0.475
0.977
0.273
0.092
0.12
0.086
0.141
0.569
0.546
0.411
0.753
0.553
0.149
0.02
0.65
0.599
0.596
0.373
0.837
0.621
0.967
0.384
0.412
0.883
0.028
0.168
0.036
0.3
0.19
0.4
0.501
0.127
0.541
0.62
0.665
0.428
0.166
0.632
0.905
0.165
0.789
0.472
0.068
0.471
0.08
0.168
0.529
0.865
0.254
0.925
0.248
0.717
0.447
0.811
0.372
0.836
0.525
0.569
0.659
0.095
0.86
0.69
0.873
0.923
0.67
0.421
0.193
0.493
0.067
0.639
0.59
0.782
0.863
0.903
0.857
0.928
0.603
0.539
0.204
0.266
0.48
0.681
0.094
0.737
0.442
0.048
0.152
0.744
0.538
0.296
0.512
0.56
0.974
0.743
0.059
0.963
0.525
0.662
0.161
0.726
0.317
0.203
0.563
0.885
0.872
0.424
0.528
0.732
0.327
0.572
0.937
0.739
0.053
0.417
0.241
0.441
0.255
0.142
0.337
0.349
0.33
0.605
0.643
0.44
0.261
0.871
0.157
0.847
0.657
0.575
0.992
0.048
0.03
0.557
0.626
0.194
0.08
0.668
0.073
0.794
0.331
0.613
0.425
0.315
0.834
0.589
0.44
0.302
0.966
0.973
0.479
0.883
0.397
0.504
0.755
0.119
0.992
0.147
0.23
0.966
0.314
0.144
0.536
0.178
0.558
0.227
0.081
0.452
0.448
0.249
0.604
0.971
0.311
0.069
0.636
0.051
0.921
0.405
0.794
0.664
0.503
0.716
0.17
0.835
0.395
0.218
0.138
0.62
0.752
0.545
0.149
0.273
0.904
0.265
0.919
0.317
0.1
0.342
0.506
0.196
0.559
0.464
0.584
0.99
0.507
0.948
0.81
0.491
0.569
0.521
0.064
0.742
0.803
0.453
0.434
0.485
0.677
0.417
0.966
0.143
0.667
0.107
0.755
0.439
0.3
0.586
0.462
0.768
0.632
0.863
0.443
0.682
0.997
0.13
0.902
0.988
0.704
0.786
0.618
0.202
0.73
0.273
0.058
0.697
0.185
0.791
0.566
0.672
0.218
0.223
0.768
0.761
0.411
0.167
0.088
0.929
0.533
0.203
0.244
0.069
0.978
0.348
0.173
0.029
0.739
0.437
0.262
0.74
0.229
0.791
0.005
0.544
0.517
0.518
0.544
0.792
0.674
0.475
0.599
0.957
0.762
0.738
0.96
0.722
0.272
0.735
0.228
0.998
0.796
0.661
0.763
0.865
0.738
0.423
0.479
0.541
0.688
0.635
0.488
0.199
0.491
0.931
0.419
0.67
0.737
0.022
0.801
0.004
0.909
0.775
0.069
0.691
0.678
0.284
0.31
0.377
0.008
0.809
0.99
0.159
0.975
0.486
0.922
0.622
0.289
0.311
0.883
0.851
0.444
0.346
0.292
0.653
0.673
0.31
0.044
0.452
0.127
0.538
0.07
0.877
0.842
0.1
0.248
0.251
0.493
0.091
0.17
0.791
0.229
0.295
0.159
0.947
0.424
0.887
0.576
0.452
0.855
0.835
0.175
0.079
0.536
0.716
0.505
0.869
0.807
0.097
0.032
0.089
0.581
0.267
0.408
0.434
0.201
0.154
0.912
0.036
0.967
0.681
0.083
0.364
0.854
0.16
0.024
0.923
0.119
0.057
0.342
0.394
0.202
0.349
0.58
0.672
0.651
0.8
0.544
0.952
0.933
0.058
0.575
0.27
0.693
0.391
0.989
0.267
0.259
0.777
0.036
0.471
0.02
0.949
0.41
0.671
0.58
0.436
0.143
0.439
0.73
0.402
0.956
0.897
0.644
0.876
0.13
0.031
0.173
0.942
0.481
0.949
0.404
0.258
0.296
0.707
0.983
0.008
0.645
0.681
0.135
0.106
0.638
0.004
0.733
0.079
0.631
0.696
0.182
0.523
0.276
0.334
0.395
0.78
0.81
0.585
0.572
0.2
0.289
0.883
0.415
0.861
0.972
0.245
0.419
0.666
0.092
0.671
0.665
0.732
0.258
0.852
0.493
0.875
0.932
0.874
0.882
0.167
0.114
0.296
0.748
0.885
0.689
0.241
0.642
0.262
0.343
0.953
0.155
0.241
0.56
0.445
0.615
0.263
0.561
0.935
0.186
0.776
0.131
0.154
0.349
0.861
0.13
0.595
0.006
0.886
0.943
0.041
0.705
0.525
0.811
0.271
0.374
0.586
0.38
0.583
0.925
0.599
0.421
0.905
0.983
0.872
0.417
0.492
0.944
0.371
0.912
0.988
0.994
0.686
0.781
0.477
0.106
0.138
0.919
0.903
0.193
0.073
0.591
0.795
0.532
0.217
0.329
0.524
0.005
0.522
0.391
0.041
0.398
0.833
0.258
0.986
0.515
0.242
0.834
0.057
0.263
0.785
0.04
0.78
0.906
0.858
0.914
0.68
0.169
0.059
0.399
0.64
0.886
0.902
0.139
0.677
0.226
0.451
0.861
0.368
0.128
0.189
0.192
0.783
0.908
0.379
0.423
0.148
0.188
0.666
0.756
0.66
0.598
0.858
0.082
0.558
0.834
0.286
0.137
0.13
0.697
0.8
0.698
0.077
0.694
0.204
0.517
0.49
0.507
0.955
0.255
0.754
0.776
0.379
0.759
0.84
0.696
0.173
0.371
0.982
0.004
0.272
0.399
0.916
0.132
0.156
0.062
0.747
0.699
0.097
0.563
0.916
0.314
0.752
0.834
0.126
0.304
0.643
0.923
0.592
0.792
0.137
0.175
0.579
0.059
0.252
0.342
0.66
0.465
0.063
0.68
0.489
0.458
0.138
0.714
0.394
0.281
0.696
0.588
0.41
0.499
0.483
0.808
0.917
0.269
0.758
0.406
0.644
0.18
0.714
0.062
0.063
0.96
0.389
0.941
0.843
0.868
0.801
0.155
0.788
0.311
0.417
0.74
0.308
0.286
0.409
0.623
0.989
0.854
0.478
0.155
0.252
0.317
0.236
0.688
0.574
0.04
0.407
0.437
0.055
0.098
0.515
0.374
0.312
0.284
0.016
0.224
0.953
0.4
0.848
0.152
0.024
0.794
0.515
0.136
0.488
0.537
0.366
0.316
0.318
0.354
0.183
0.613
0.152
0.47
0.443
0.059
0.815
0.501
0.204
0.768
0.494
0.683
0.973
0.266
0.003
0.962
0.072
0.586
0.957
0.937
0.051
0.555
0.191
0.635
0.853
0.036
0.949
0.106
0.815
0.722
0.092
0.213
0.705
0.464
0.095
0.896
0.098
0.744
0.823
0.22
0.405
0.359
0.97
0.03
0.312
0.42
0.287
0.66
0.599
0.401
0.081
0.998
0.664
0.557
0.138
0.249
0.912
0.192
0.554
0.897
0.702
0.976
0.505
0.024
0.158
0.797
0.008
0.538
0.953
0.305
0.342
0.692
0.946
0.826
0.898
0.388
0.892
0.25
0.645
0.434
0.547
0.47
0.186
0.255
0.009
0.085
0.2
0.98
0.618
0.78
0.04
0.127
0.801
0.296
0.426
0.842
0.636
0.052
0.692
0.189
0.662
0.804
0.141
0.109
0.747
0.368
0.103
0.476
0.137
0.141
0.044
0.034
0.086
0.944
0.011
0.084
0.772
0.341
0.81
0.565
0.116
0.559
0.782
0.859
0.418
0.537
0.225
0.115
0.917
0.556
0.587
0.415
0.178
0.81
0.476
0.055
0.177
0.306
0.281
0.862
0.84
0.517
0.245
0.91
0.366
0.329
0.466
0.246
0.939
0.491
0.584
0.971
0.999
0.411
0.564
0.397
0.528
0.33
0.341
0.756
0.991
0.527
0.308
0.098
0.053
0.091
0.162
0.579
0.05
0.081
0.535
0.658
0.551
0.234
0.263
0.902
0.989
0.479
0.103
0.509
0.861
0.44
0.001
0.559
0.841
0.334
0.812
0.894
0.866
0.588
0.84
0.068
0.836
0.531
0.112
0.43
0.135
0.222
0.504
0.656
0.936
0.019
0.377
0.289
0.495
0.187
0.139
0.312
0.77
0.675
0.115
0.719
0.954
0.364
0.261
0.151
0.9
0.217
0.124
0.277
0.538
0.655
0.271
0.587
0.339
0.953
0.126
0.378
0.945
0.444
0.366
0.654
0.313
0.032
0.728
0.722
0.425
0.241
0.473
0.374
0.741
0.013
0.101
0.502
0.002
0.407
0.59
0.965
0.414
0.763
0.972
0.322
0.015
0.683
0.981
0.242
0.908
0.137
0.423
0.758
0.761
0.038
0.866
0.406
0.415
0.922
0.38
0.469
0.459
0.533
0.584
0.479
0.382
0.709
0.839
0.329
0.317
0.217
0.001
0.68
0.841
0.87
0.469
0.813
0.297
0.255
0.567
0.888
0.631
0.475
0.946
0.394
0.465
0.786
0.151
0.671
0.153
0.607
0.764
0.891
0.015
0.629
0.12
0.18
0.156
0.635
0.67
0.681
0.115
0.177
0.537
0.369
0.316
0.712
0.671
0.383
0.752
0.997
0.656
0.044
0.309
0.246
0.512
0.727
0.303
0.44
0.387
0.137
0.422
0.593
0.257
0.587
0.411
0.905
0.683
0.028
0.442
0.014
0.189
0.349
0.908
0.408
0.723
0.335
0.726
0.658
0.737
0.671
0.812
0.731
0.894
0.753
0.435
0.62
0.649
0.436
0.589
0.49
0.767
0.42
0.8
0.806
0.107
0.773
0.497
0.707
0.735
0.199
0.365
0.887
0.553
0.741
0.04
0.534
0.65
0.274
0.641
0.892
0.235
0.398
0.046
0.554
0.721
0.629
0.004
0.579
0.22
0.281
0.466
0.926
0.738
0.297
0.382
0.99
0.201
0.442
0.72
0.345
0.924
0.797
0.502
0.486
0.869
0.969
0.223
0.915
0.196
0.043
0.844
0.254
0.143
0.595
0.78
0.066
0.603
0.736
0.935
0.532
0.033
0.102
0.909
0.246
0.309
0.007
0.408
0.779
0.603
0.897
0.127
0.172
0.995
0.391
0.181
0.859
0.879
0.298
0.465
0.415
0.193
0.729
0.335
0.167
0.075
0.838
0.015
0.298
0.489
0.875
0.396
0.47
0.537
0.516
0.496
0.144
0.743
0.183
0.87
0.924
0.482
0.218
0.064
0.972
0.411
0.94
0.106
0.71
0.199
0.231
0.143
0.633
0.571
0.812
0.33
0.713
0.055
0.247
0.743
0.324
0.894
0.468
0.236
0.739
0.284
0.682
0.634
0.125
0.561
0.92
0.208
0.528
0.182
0.102
0.778
0.337
0.197
0.868
0.502
0.326
0.39
0.584
0.695
0.139
0.743
0.236
0.493
0.786
0.516
0.023
0.397
0.718
0.583
0.405
0.517
0.873
0.538
0.609
0.563
0.124
0.074
0.242
0.31
0.352
0.222
0.715
0.045
0.291
0.865
0.76
0.807
0.117
0.884
0.022
0.163
0.003
0.383
0.57
0.704
0.939
0.993
0.909
0.399
0.257
0.351
0.966
0.52
0.922
0.433
0.312
0.123
0.119
0.619
0.565
0.049
0.204
0.459
0.38
0.241
0.897
0.254
0.895
0.142
0.377
0.752
0.216
0.417
0.338
0.491
0.381
0.828
0.076
0.967
0.425
0.311
0.757
0.012
0.661
0.742
0.98
0.124
0.119
0.218
0.516
0.556
0.538
0.511
0.084
0.46
0.886
0.11
0.421
0.925
0.945
0.612
0.755
0.475
0.15
0.931
0.687
0.555
0.093
0.639
0.988
0.79
0.708
0.756
0.234
0.406
0.628
0.358
0.839
0.361
0.974
0.584
0.532
0.5
0.432
0.465
0.575
0.13
0.875
0.924
0.165
0.229
0.047
0.768
0.787
0.94
0.889
0.471
0.868
0.086
0.131
0.434
0.285
0.989
0.901
0.725
0.439
0.166
0.467
0.063
0.477
0.937
0.526
0.093
0.583
0.628
0.752
0.896
0.846
0.084
0.762
0.323
0.634
0.543
0.264
0.377
0.824
0.444
0.04
0.175
0.663
0.852
0.542
0.654
0.765
0.197
0.46
0.276
0.933
0.412
0.704
0.467
0.637
0.403
0.806
0.146
0.589
0.835
0.392
0.538
0.258
0.044
0.811
0.316
0.835
0.266
0.588
0.425
0.411
0.618
0.987
0.778
0.361
0.182
0.071
0.257
0.277
0.757
0.385
0.296
0.94
0.055
0.029
0.393
0.502
0.399
0.623
0.741
0.205
0.578
0.714
0.04
0.449
0.135
0.295
0.669
0.282
0.591
0.172
0.575
0.141
0.575
0.963
0.312
0.522
0.428
0.924
0.653
0.325
0.35
0.525
0.737
0.724
0.8
0.593
0.648
0.609
0.439
0.095
0.247
0.361
0.104
0.701
0.803
0.019
0.895
0.565
0.823
0.989
0.198
0.863
0.243
0.26
0.763
0.742
0.409
0.906
0.429
0.703
0.928
0.533
0.832
0.735
0.455
0.285
0.838
0.941
0.722
0.15
0.208
0.12
0.329
0.183
0.382
0.338
0.37
0.85
0.5
0.517
0.979
0.405
0.558
0.205
0.06
0.368
0.341
0.111
0.301
0.777
0.818
0.935
0.156
0.34
0.466
0.952
0.834
0.591
0.154
0.312
0.854
0.901
0.037
0.21
0.249
0.304
0.94
0
0.34
0.012
0.765
0.128
0.703
0.786
0.168
0.366
0.572
0.955
0.037
0.467
0.052
0.902
0.018
0.845
0.624
0.38
0.388
0.887
0.858
0.881
0.524
0.642
0.196
0.525
0.356
0.873
0.347
0.628
0.329
0.223
0.459
0.627
0.451
0.381
0.933
0.124
0.547
0.515
0.306
0.323
0.293
0.988
0.79
0.786
0.174
0.584
0.068
0.867
0.679
0.868
0.111
0.364
0.443
0.259
0.42
0.039
0.077
0.133
0.127
0.026
0.59
0.008
0.918
0.237
0.886
0.108
0.132
0.842
0.472
0.443
0.775
0.97
0.419
0.929
0.011
0.669
0.525
0.232
0.439
0.602
0.987
0.463
0.473
0.52
0.735
0.724
0.342
0.347
0.681
0.48
0.541
0.34
0.09
0.282
0.197
0.97
0.876
0.686
0.131
0.174
0.046
0.175
0.937
0.206
0.135
0.554
0.043
0.295
0.032
0.03
0.907
0.04
0.207
0.321
0.728
0.029
0.713
0.452
0.531
0.705
0.36
0.306
0.474
0.216
0.686
0.365
0.92
0.844
0.336
0.266
0.596
0.318
0.558
0.358
0.433
0.464
0.802
0.208
0.51
0.376
0.215
0.448
0.855
0.759
0.804
0.401
0.42
0.61
0.249
0.628
0.769
0.721
0.177
0.845
0.886
0.967
0.025
0.577
0.927
0.226
0.584
0.616
0.022
0.211
0.391
0.104
0.423
0.063
0.187
0.546
0.173
0.663
0.313
0.817
0.347
0.917
0.953
0.208
0.998
0.185
0.702
0.29
0.521
0.891
0.069
0.944
0.265
0.713
0.476
0.095
0.81
0.835
0.813
0.977
0.505
0.293
0.954
0.453
0.211
0.909
0.699
0.537
0.086
0.574
0.127
0.462
0.199
0.099
0.399
0.788
0.436
0.944
0.225
0.944
0.003
0.83
0.915
0.156
0.771
0.006
0.27
0.558
0.073
0.816
0.926
0.203
0.437
0.972
0.607
0.606
0.854
0.328
0.154
0.923
0.443
0.867
0.016
0.105
0.908
0.937
0.366
0.039
0.848
0.816
0.457
0.022
0.344
0.507
0.468
0.184
0.86
0.973
0.592
0.535
0.972
0.361
0.164
0.465
0.114
0.695
0.573
0.458
0.622
0.697
0.239
0.53
0.194
0.199
0.525
0.393
0.184
0.487
0.949
0.097
0.64
0.697
0.135
0.115
0.422
0.778
0.888
0.972
0.284
0.418
0.64
0.289
0.211
0.318
0.71
0.168
0.36
0.343
0.029
0.833
0.237
0.816
0.587
0.725
0.965
0.033
0.061
0.902
0.724
0.621
0.348
0.48
0.822
0.755
0.715
0.047
0.799
0.851
0.742
0.544
0.699
0.069
0.747
0.476
0.175
0.422
0.853
0.338
0.831
0.604
0.478
0.484
0.865
0.301
0.933
0.421
0.906
0.803
0.985
0.673
0.905
0.634
0.245
0.414
0.001
0.125
0.908
0.498
0.786
0.286
0.702
0.237
0.289
0.597
0.14
0.448
0.23
0.458
0.056
0.542
0.087
0.598
0.145
0.09
0.892
0.959
0.19
0.841
0.771
0.675
0.984
0.137
0.085
0.408
0.885
0.042
0.848
0.216
0.523
0.38
0.374
0.066
0.153
0.93
0.142
0.991
0.108
0.022
0.498
0.403
0.193
0.124
0.681
0.717
0.581
0.027
0.453
0.88
0.909
0.521
0.143
0.554
0.467
0.422
0.073
0.173
0.463
0.213
0.637
0.405
0.551
0.766
0.005
0.457
0.583
0.28
0.106
0.293
0.26
0.869
0.241
0.815
0.773
0.509
0.835
0.088
0.059
0.832
0.596
0.806
0.283
0.078
0.206
0.616
0.17
0.585
0.894
0.586
0.577
0.622
0.471
0.569
0.08
0.656
0.102
0.681
0.887
0.557
0.166
0.277
0.155
0.661
0.709
0.838
0.182
0.664
0.302
0.345
0.179
0.199
0.584
0.138
0.68
0.367
0.976
0.005
0.084
0.609
0.787
0.582
0.931
0.045
0.286
0.327
0.688
0.512
0.305
0.243
0.37
0.043
0.136
0.992
0.45
0.231
0.132
0.042
0.98
0.637
0.435
0.086
0.26
0.059
0.667
0.324
0.571
0.092
0.301
0.369
0.69
0.174
0.439
0.059
0.174
0.267
0.386
0.798
0.741
0.424
0.702
0.838
0.976
0.098
0.13
0.686
0.521
0.801
0.192
0.345
0.366
0.717
0.952
0.416
0.183
0.497
0.54
0.467
0.605
0.501
0.861
0.091
0.027
0.585
0.988
0.959
0.826
0.918
0.835
0.301
0.095
0.943
0.597
0.98
0.288
0.856
0.394
0.111
0.535
0.248
0.83
0.021
0.949
0.575
0.103
0.711
0.851
0.227
0.347
0.793
0.837
0.923
0.168
0.292
0.16
0.145
0.089
0.883
0.046
0.872
0.369
0.965
0.935
0.782
0.742
0.835
0.066
0.535
0.474
0.523
0.452
0.931
0.412
0.692
0.976
0.659
0.27
0.778
0.425
0.496
0.216
0.876
0.964
0.461
0.102
0.596
0.409
0.55
0.542
0.783
0.938
0.385
0.252
0.118
0.165
0.115
0.641
0.156
0.711
0.662
0.049
0.145
0.954
0.882
0.244
0.406
0.104
0.426
0.903
0.234
0.32
0.641
0.492
0.413
0.321
0.764
0.071
0.131
0.885
0.193
0.899
0.731
0.944
0.952
0.348
0.824
0.016
0.281
0.942
0.815
0.727
0.774
0.094
0.242
0.814
0.922
0.751
0.029
0.861
0.947
0.049
0.36
0.281
0.46
0.197
0.22
0.885
0.558
0.387
0.225
0.188
0.624
0.391
0.15
0.445
0.917
0.89
0.419
0.673
0.773
0.045
0.34
0.329
0.022
0.651
0.511
0.763
0.452
0.695
0.312
0.182
0.838
0.82
0.01
0.539
0.683
0.572
0.233
0.576
0.117
0.891
0.245
0.247
0.326
0.005
0.89
0.7
0.4
0.636
0.974
0.647
0.553
0.334
0.307
0.606
0.566
0.663
0.685
0.855
0.031
0.98
0.358
0.948
0.492
0.928
0.241
0.583
0.734
0.609
0.507
0.881
0.025
0.789
0.76
0.478
0.24
0.402
0.077
0.907
0.602
0.251
0.762
0.475
0.972
0.106
0.251
0.285
0.647
0.602
0.703
0.402
0.451
0.26
0.16
0.374
0.38
0.917
0.076
0.229
0.195
0.213
0.451
0.536
0.409
0.123
0.378
0.552
0.472
0.695
0.032
0.602
0.498
0.16
0.863
0.948
0.614
0.407
0.989
0.735
0.279
0.54
0.308
0.973
0.128
0.176
0.062
0.085
0.518
0.163
0.581
0.244
0.58
0.27
0.361
0.078
0.477
0.995
0.139
0.47
0.285
0.748
0.891
0.498
0.912
0.69
0.557
0.115
0.92
0.199
0.993
0.267
0.097
0.917
0.907
0.928
0.711
0.28
0.648
0.296
0.234
0.642
0.786
0.725
0.329
0.886
0.885
0.523
0.213
0.879
0.123
0.951
0.407
0.873
0.213
0.483
0.909
0.464
0.86
0.351
0.097
0.96
0.087
0.298
0.202
0.469
0.949
0.65
0.471
0.108
0.677
0.504
0.633
0.162
0.228
0.791
0.576
0.843
0.023
0.222
0.145
0.077
0.914
0.276
0.959
0.063
0.84
0.548
0.168
0.708
0.827
0.985
0.209
0.084
0.519
0.652
0.316
0.532
0.85
0.78
0.912
0.181
0.911
0.964
0.434
0.595
0.179
0.051
0.387
0.679
0.431
0.24
0.65
0.191
0.759
0.213
0.524
0.06
0.338
0.094
0.145
0.477
0.948
0.673
0.785
0.714
0.816
0.56
0.702
0.043
0.066
0.749
0.931
0.161
0.052
0.517
0.365
0.413
0.879
0.673
0.986
0.609
0.116
0.977
0.112
0.956
0.251
0.857
0.614
0.29
0.788
0.696
0.841
0.658
0.749
0.326
0.28
0.905
0.163
0.895
0.4
0.232
0.716
0.014
0.887
0.002
0.813
0.291
0.699
0.457
0.839
0.311
0.291
0.833
0.439
0.008
0.529
0.94
0.878
0.256
0.134
0.391
0.694
0.803
0.102
0.973
0.959
0.881
0.31
0.467
0.4
0.704
0.531
0.468
0.73
0.286
0.532
0.566
0.489
0.589
0.787
0.861
0.076
0.416
0.384
0.998
0.648
0.317
0.375
0.239
0.704
0.788
0.451
0.757
0.68
0.271
0.787
0.509
0.345
0.297
0.955
0.887
0.183
0.372
0.526
0.648
0.002
0.838
0.315
0.935
0.498
0.82
0.294
0.594
0.806
0.458
0.576
0.97
0.575
0.761
0.505
0.085
0.224
0.85
0.861
0.922
0.721
0.363
0.061
0.418
0.877
0.559
0.688
0.173
0.288
0.994
0.593
0.338
0.165
0.894
0.611
0.172
0.606
0.799
0.426
0.993
0.517
0.702
0.804
0.06
0.476
0.14
0.784
0.078
0.208
0.333
0.589
0.944
0.915
0.215
0.942
0.916
0.793
0.907
0.444
0.709
0.379
0.539
0.021
0.1
0.123
0.541
0.492
0.788
0.007
0.287
0.689
0.937
0.433
0.131
0.699
0.796
0.654
0.589
0.154
0.81
0.158
0.915
0.018
0.79
0.708
0.372
0.685
0.587
0.534
0.14
0.32
0.167
0.471
0.383
0.873
0.397
0.211
0.051
0.191
0.513
0.171
0.379
0.89
0.449
0.282
0.058
0.821
0.69
0.838
0.189
0.57
0.545
0.315
0.3
0.228
0.948
0.437
0.786
0.394
0.847
0.116
0.546
0.339
0.131
0.469
0.005
0.829
0.22
0.575
0.561
0.635
0.754
0.531
0.116
0.662
0.571
0.759
0.05
0.426
0.934
0.108
0.659
0.597
0.843
0.423
0.449
0.996
0.282
0.325
0.584
0.718
0.409
0.683
0.974
0.221
0.401
0.629
0.365
0.042
0.467
0.557
0.159
0.912
0.439
0.334
0.642
0.172
0.254
0.065
0.932
0.931
0.937
0.896
0.128
0.581
0.096
0.962
0.649
0.488
0.712
0.646
0.463
0.616
0.887
0.723
0.992
0.078
0.762
0.327
0.761
0.511
0.561
0.006
0.725
0.038
0.64
0.182
0.812
0.42
0.226
0.904
0.32
0.447
0.089
0.754
0.828
0.409
0.297
0.379
0.91
0.339
0.534
0.094
0.598
0.593
0.194
0.155
0.495
0.023
0.676
0.29
0.126
0.316
0.294
0.042
0.929
0.494
0.181
0.329
0.819
0.647
0.814
0.18
0.621
0.014
0.231
0.121
0.934
0.281
0.036
0.163
0.261
0.57
0.332
0.486
0.27
0.695
0.075
0.404
0.868
0.255
0.36
0.136
0.879
0.545
0.522
0.216
0.47
0.151
0.87
0.384
0.03
0.476
0.948
0.605
0.195
0.065
0.652
0.023
0.494
0.478
0.203
0.77
0.529
0.439
0.834
0.222
0.167
0.052
0.104
0.166
0.287
0.742
0.711
0.831
0.466
0.367
0.701
0.122
0.53
0.578
0.892
0.075
0.222
0.307
0.387
0.322
0.267
0.263
0.854
0.37
0.502
0.287
0.052
0.392
0.327
0.825
0.52
0.59
0.152
0.336
0.227
0.337
0.951
0.077
0.607
0
0.583
0.725
0.887
0.086
0.086
0.037
0.253
0.482
0.81
0.316
0.723
0.013
0.748
0.432
0.559
0.963
0.515
0.612
0.673
0.957
0.994
0.84
0.086
0.23
0.425
0.529
0.45
0.085
0.548
0.547
0.842
0.315
0.031
0.412
0.2
0.405
0.673
0.186
0.802
0.572
0.083
0.76
0.613
0.804
0.936
0.325
0.469
0.185
0.576
0.83
0.985
0.433
0.192
0.221
0.141
0.669
0.9
0.393
0.615
0.545
0.863
0.6
0.958
0.639
0.018
0.763
0.824
0.879
0.779
0.377
0.212
0.899
0.272
0.206
0.847
0.607
0.029
0.621
0.202
0.774
0.826
0.468
0.971
0.451
0.073
0.935
0.043
0.789
0.59
0.768
0.161
0.127
0.632
0.917
0.485
0.886
0.623
0.89
0.847
0.812
0.99
0.425
0.297
0.205
0.482
0.767
0.282
0.552
0.308
0.928
0.125
0.656
0.052
0.758
0.985
0.452
0.582
0.11
0.138
0.588
0.458
0.804
0.592
0.437
0.382
0.801
0.094
0.622
0.103
0.217
0.118
0.244
0.376
0.002
0.322
0.747
0.457
0.097
0.07
0.534
0.58
0.783
0.053
0.272
0.98
0.084
0.21
0.076
0.919
0.035
0.144
0.187
0.798
0.199
0.011
0.892
0.202
0.02
0.977
0.304
0.889
0.017
0.619
0.95
0.497
0.78
0.84
0.972
0.116
0.166
0.5
0.416
0.909
0.417
0.252
0.022
0.442
0.303
0.662
0.003
0.075
0.461
0.839
0.825
0.85
0.424
0.124
0.571
0.899
0.502
0.005
0.204
0.982
0.801
0.167
0.443
0.778
0.823
0.778
0.45
0.252
0.022
0.69
0.567
0.152
0.99
0.969
0.122
0.448
0.887
0.421
0.112
0.067
0.532
0.142
0.864
0.263
0.568
0.698
0.596
0.61
0.872
0.268
0.482
0.629
0.929
0.643
0.275
0.058
0.66
0.815
0.795
0.832
0.487
0.826
0.323
0.421
0.055
0.132
0.444
0.875
0.314
0.167
0.789
0.166
0.857
0.724
0.014
0.557
0.957
0.101
0.821
0.19
0.914
0.069
0.953
0.879
0.074
0.757
0.662
0.81
0.443
0.849
0.585
0.697
0.699
0.69
0.06
0.619
0.653
0.394
0.907
0.781
0.914
0.948
0.152
0.437
0.203
0.939
0.34
0.123
0.538
0.534
0.839
0.056
0.106
0.928
0.715
0.491
0.915
0.359
0.86
0.69
0.786
0.223
0.674
0.326
0.338
0.132
0.353
0.139
0.185
0.66
0.624
0.094
0.022
0.108
0.826
0.431
0.034
0.89
0.098
0.833
0.26
0.259
0.746
0.88
0.858
0.814
0.822
0.867
0.98
0.056
0.86
0.913
0.003
0.497
0.111
0.912
0.394
0.135
0.284
0.7
0.3
0.497
0.292
0.686
0.822
0.823
0.171
0.029
0.206
0.825
0.824
0.129
0.389
0.909
0.606
0.357
0.737
0.909
0.147
0.276
0.574
0.128
0.927
0.488
0.565
0.447
0.991
0.215
0.941
0.442
0.667
0.743
0.538
0.421
0.724
0.995
0.275
0.638
0.818
0.831
0.808
0.28
0.709
0.624
0.268
0.948
0.755
0.976
0.543
0.382
0.681
0.936
0.848
0.614
0.989
0.91
0.105
0.529
0.604
0.938
0.826
0.471
0.359
0.268
0.395
0.206
0.091
0.712
0.42
0.159
0.833
0.764
0.087
0.935
0.067
0.113
0.017
0.905
0.496
0.48
0.933
0.545
0.306
0.167
0.194
0.924
0.55
0.468
0.486
0.719
0.516
0.194
0.442
0.165
0.88
0.53
0.991
0.541
0.216
0.091
0.305
0.827
0.55
0.477
0.452
0.99
0.56
0.258
0.069
0.906
0.638
0.638
0.794
0.767
0.484
0.696
0.62
0.297
0.546
0.474
0.428
0.369
0.256
0.43
0.028
0.3
0.789
0.041
0.447
0.635
0.506
0.333
0.595
0.451
0.578
0.177
0.238
0.325
0.741
0.595
0.935
0.681
0.726
0.241
0.174
0.022
0.337
0.428
0.143
0.341
0.184
0.495
0.651
0.887
0.632
0.575
0.832
0.788
0.384
0.642
0.274
0.606
0.49
0.741
0.729
0.133
0.725
0.329
0.013
0.5
0.282
0.373
0.903
0.252
0.805
0.106
0.818
0.344
0.567
0.371
0.626
0.424
0.178
0.659
0.036
0.593
0.644
0.66
0.182
0.069
0.463
0.893
0.912
0.792
0.332
0.816
0.923
0.347
0.535
0.188
0.201
0.364
0.67
0.944
0.574
0.781
0.662
0.841
0.861
0.675
0.766
0.708
0.586
0.942
0.438
0.584
0.854
0.488
0.107
0.358
0.951
0.719
0.795
0.913
0.498
0.743
0.02
0.225
0.242
0.628
0.731
0.359
0.227
0.139
0.587
0.299
0.091
0.49
0.048
0.309
0.439
0.409
0.648
0.799
0.809
0.396
0.149
0.675
0.858
0.609
0.727
0.748
0.09
0.379
0.884
0.543
0.559
0.997
0.989
0.949
0.293
0.343
0.215
0.797
0.138
0.338
0.375
0.759
0.91
0.901
0.986
0.63
0.545
0.688
0.276
0.342
0.726
0.788
0.23
0.599
0.198
0.369
0.326
0.087
0.751
0.328
0.274
0.487
0.623
0.769
0.964
0.671
0.46
0.23
0.157
0.412
0.446
0.618
0.339
0.211
0.336
0.437
0.486
0.005
0.866
0.57
0.833
0.206
0.498
0.763
0.107
0.809
0.212
0.971
0.081
0.503
0.703
0.908
0.94
0.864
0.49
0.843
0.074
0.968
0.744
0.32
0.21
0.157
0.824
0.153
0.063
0.024
0.144
0.586
0.601
0.042
0.322
0.63
0.442
0.624
0.479
0.153
0.17
0.788
0.939
0.298
0.055
0.763
0.569
0.987
0.9
0.426
0.065
0.578
0.029
0.824
0.013
0.384
0.902
0.178
0.639
0.033
0.019
0.669
0.726
0.132
0.238
0.261
0.69
0.356
0.073
0.967
0.868
0.391
0.27
0.085
0.292
0.892
0.898
0.044
0.822
0.49
0.368
0.342
0.3
0.896
0.733
0.862
0.7
0.773
0.264
0.339
0.329
0.419
0.718
0.643
0.018
0.995
0.187
0.892
0.977
0.22
0.956
0.344
0.873
0.275
0.482
0.783
0.95
0.355
0.697
0.68
0.668
0.219
0.601
0.644
0.249
0.756
0.372
0.578
0.092
0.664
0.298
0.295
0.389
0.328
0.49
0.85
0.159
0.501
0.153
0.178
0.351
0.91
0.704
0.539
0.015
0.367
0.729
0.112
0.913
0.662
0.523
0.411
0.861
0.34
0.315
0.822
0.082
0.918
0.552
0.414
0.969
0.582
0.506
0.727
0.7
0.536
0.549
0.833
0.198
0.44
0.113
0.917
0.026
0.908
0.566
0.928
0.125
0.13
0.7
0.833
0.718
0.309
0.201
0.353
0.233
0.855
0.225
0.436
0.59
0.662
0.679
0.235
0.818
0.023
0.129
0.571
0.432
0.368
0.232
0.545
0.214
0.254
0.777
0.629
0.441
0.456
0.447
0.76
0.323
0.115
0.537
0.009
0.524
0.472
0.379
0.26
0.39
0.059
0.272
0.038
0.262
0.18
0.963
0.096
0.44
0.011
0.09
0.143
0.825
0.528
0.226
0.577
0.195
0.849
0.361
0.164
0.133
0
0.6
0.227
0.905
0.308
0.586
0.801
0.542
0.651
0.536
0.812
0.254
0.383
0.933
0.482
0.28
0.881
0.705
0.023
0.409
0.243
0.563
0.5
0.352
0.864
0.698
0.341
0.103
0.538
0.283
0.855
0.401
0.674
0.404
0.392
0.496
0.044
0.693
0.552
0.651
0.129
0.042
0.096
0.325
0.824
0.142
0.616
0.758
0.155
0.78
0.228
0.151
0.941
0.071
0.578
0.34
0.976
0.271
0.011
0.674
0.767
0.601
0.765
0.283
0.943
0.354
0.192
0.2
0.787
0.443
0.935
0.237
0.289
0.919
0.305
0.877
0.212
0.571
0.311
0.075
0.2
0.326
0.12
0.866
0.93
0.921
0.66
0.118
0.144
0.066
0.101
0.491
0.513
0.697
0.015
0.053
0.789
0.506
0.297
0.871
0.929
0.923
0.646
0.28
0.06
0.24
0.806
0.5
0.972
0.398
0.767
0.109
0.698
0.669
0.747
0.099
0.296
0.034
0.265
0.637
0.4
0.124
0.12
0.914
0.121
0.541
0.044
0.143
0.574
0.202
0.087
0.911
0.926
